-112098.0 250587.0 20195.0 -140940.0 -95550.0 83718.0 -88976.0 96801.0 -43574.0 -13434.0 133858.0 -350086.0 127470.0 -49300.0 28546.0 34282.0 -56272.0 -83054.0 -6234.0 8116.0 117604.0 -113169.0 5577.0 135392.0 -155774.0 -112523.0 130478.0 -25622.0 -48478.0 -169994.0 29663.0 156919.0 -285658.0 182750.0 -268617.0 86616.0 4153.0 -103633.0 152904.0 -136236.0 24091.0 -90315.0 -14349.0 119092.0 105789.0 -29589.0 -73180.0 -37576.0 -44773.0
-245804.0 551058.0 -209867.0 -73487.0 13973.0 -9278.0 -226983.0 208352.0 108997.0 -192884.0 216099.0 -468397.0 120904.0 -63493.0 -42890.0 -100333.0 -9760.0 -60698.0 28708.0 -178053.0 82442.0 -37004.0 86300.0 114319.0 -130481.0 -73504.0 210956.0 -218104.0 -247839.0 -88566.0 -12437.0 126065.0 -325519.0 253217.0 -249698.0 -798.0 140143.0 -111227.0 11071.0 107497.0 -186458.0 -9066.0 -15014.0 18997.0 69389.0 67901.0 -96155.0 -126940.0 125906.0
-106165.0 325755.0 -223230.0 98668.0 -43280.0 -9794.0 -103031.0 -67657.0 357842.0 -410872.0 161493.0 -587587.0 522449.0 -284528.0 -27527.0 -181971.0 53050.0 -3155.0 233964.0 -414877.0 171223.0 -365394.0 350109.0 44149.0 -88379.0 128943.0 -114301.0 15206.0 -281792.0 -131219.0 -59412.0 49400.0 36402.0 -227556.0 295586.0 -237241.0 313444.0 -144660.0 -40238.0 154982.0 -110172.0 -7559.0 -340957.0 -49211.0 240579.0 -86228.0 18354.0 -180490.0 201254.0
-48082.0 180990.0 -187467.0 91892.0 149190.0 -129456.0 -167749.0 -93448.0 195246.0 -322435.0 117922.0 -453241.0 832086.0 -352651.0 -73656.0 -37787.0 -56592.0 56917.0 202406.0 -330052.0 72497.0 -156855.0 59851.0 -227057.0 178557.0 154318.0 -212074.0 226762.0 -450030.0 -60255.0 -67064.0 -25288.0 51846.0 -224437.0 222023.0 -118392.0 -3847.0 -85304.0 159036.0 -307320.0 240312.0 -166798.0 -207780.0 -113053.0 233122.0 -189730.0 69733.0 -173945.0 122810.0
322158.0 -167473.0 -264148.0 -106307.0 478188.0 -390894.0 -96126.0 -57055.0 -107024.0 -73127.0 87397.0 -143700.0 142097.0 -9414.0 -88288.0 427391.0 -386059.0 82645.0 37039.0 -158353.0 -154161.0 126670.0 -61938.0 -157740.0 -224101.0 155328.0 -1668.0 73753.0 -124023.0 7620.0 -214022.0 -82794.0 44942.0 137683.0 -145827.0 -28899.0 -153111.0 -75560.0 345165.0 -450882.0 42567.0 -102781.0 190424.0 -132066.0 -1852.0 -25503.0 156039.0 -199626.0 -315.0
320721.0 -180772.0 -212398.0 -216839.0 109000.0 -25202.0 119352.0 -226205.0 37988.0 -103667.0 -9235.0 -193087.0 133627.0 -68920.0 2968.0 263404.0 -444304.0 -71934.0 85760.0 156135.0 -83517.0 -190835.0 155298.0 52338.0 -595925.0 175784.0 114423.0 -169454.0 84605.0 -73115.0 -402433.0 110702.0 256261.0 23156.0 -173834.0 -65830.0 -82744.0 -37464.0 367059.0 -336474.0 -206715.0 -47149.0 244881.0 -73856.0 -101113.0 69098.0 79326.0 -21340.0 -233140.0
290476.0 -190697.0 -285222.0 132440.0 -175309.0 260295.0 -3697.0 -194450.0 70525.0 -392891.0 321751.0 -234293.0 329600.0 -311523.0 -259386.0 91847.0 -32962.0 10439.0 -64077.0 47112.0 35581.0 139169.0 -208479.0 -29321.0 -211213.0 -51524.0 224126.0 -170749.0 -16345.0 19834.0 -511632.0 431396.0 152784.0 -130630.0 -14190.0 -128012.0 112033.0 -72854.0 19672.0 -204559.0 -146773.0 -13028.0 167632.0 90457.0 -178442.0 -156.0 13793.0 72462.0 -347229.0
335708.0 -249109.0 -193068.0 56780.0 -20298.0 -174106.0 9070.0 123853.0 -279343.0 -33203.0 156082.0 -256067.0 331613.0 -386358.0 -116773.0 -30165.0 -20388.0 138542.0 -208094.0 5911.0 47010.0 295502.0 -277411.0 42789.0 -126797.0 28609.0 4523.0 -21525.0 -90683.0 -24611.0 -330373.0 353038.0 135744.0 -145736.0 -58170.0 -133554.0 49909.0 -128627.0 -135924.0 94383.0 81446.0 -347828.0 57657.0 41353.0 163041.0 -85761.0 -103253.0 -112545.0 -46666.0
168356.0 -97337.0 144039.0 -370921.0 -91539.0 -100757.0 301863.0 -6340.0 -214645.0 114749.0 -91675.0 -217239.0 84039.0 -79358.0 22587.0 -109117.0 -68550.0 -19993.0 -40249.0 164335.0 -38907.0 91176.0 66628.0 -59324.0 -228450.0 52589.0 -200942.0 -159623.0 239625.0 -239935.0 -97611.0 71999.0 39643.0 -38953.0 -40030.0 69809.0 -363484.0 9515.0 -25671.0 177895.0 658.0 -252145.0 -88149.0 -111784.0 189775.0 -26548.0 124251.0 -276176.0 88892.0
-10772.0 86882.0 80768.0 -137687.0 -336584.0 371691.0 -31675.0 154734.0 -312732.0 -119556.0 170376.0 -254874.0 -26162.0 210997.0 -188226.0 -171709.0 94696.0 -67859.0 222858.0 -9556.0 -274302.0 -173889.0 269576.0 -99156.0 -79872.0 56373.0 -182721.0 -41368.0 329773.0 -310233.0 -140666.0 -70740.0 120084.0 81542.0 -112719.0 179223.0 -331779.0 -2069.0 252987.0 -260700.0 117024.0 -127279.0 143930.0 -116577.0 -41200.0 -40241.0 126676.0 -145101.0 -30013.0
-100031.0 227856.0 -77803.0 137540.0 -276368.0 165923.0 -198185.0 194014.0 -252012.0 -40178.0 39201.0 5534.0 -66475.0 155154.0 -30772.0 -311235.0 41264.0 79136.0 224483.0 -400160.0 -221298.0 -3236.0 124774.0 132597.0 70411.0 -207510.0 105083.0 -32427.0 -92192.0 -58123.0 58825.0 -355627.0 242270.0 203172.0 -214164.0 117187.0 -132957.0 -21842.0 342979.0 -499535.0 57166.0 -16758.0 -50455.0 46775.0 -119151.0 144653.0 -185130.0 -120150.0 15846.0
-55106.0 295457.0 -120281.0 11925.0 -242465.0 -29848.0 -134023.0 112931.0 -90769.0 40859.0 -58969.0 220079.0 -67119.0 115800.0 -47152.0 -86026.0 -221717.0 -33970.0 36652.0 56112.0 -412865.0 331256.0 -124650.0 -65179.0 192684.0 -432161.0 186271.0 -92375.0 -175713.0 113056.0 85280.0 -139855.0 9348.0 285251.0 -170843.0 -38020.0 32688.0 10691.0 86373.0 -112329.0 -220537.0 65875.0 -39705.0 -189470.0 -148163.0 222030.0 24127.0 -251726.0 125670.0
101023.0 76715.0 51007.0 -287215.0 -144737.0 -102741.0 74868.0 25861.0 -224512.0 110477.0 255943.0 -77528.0 -175885.0 50421.0 -9464.0 -33073.0 -188419.0 -20867.0 130819.0 23552.0 -277706.0 231286.0 -228223.0 -76406.0 12054.0 -151670.0 4668.0 -5079.0 3674.0 -174019.0 -32507.0 64185.0 -30855.0 233226.0 -206307.0 -70071.0 14906.0 20816.0 -128000.0 116405.0 94320.0 22210.0 -131980.0 -49448.0 -341664.0 223199.0 269729.0 -320646.0 -74953.0
63796.0 146414.0 -11948.0 -281592.0 -147218.0 -51635.0 119228.0 -59374.0 -92311.0 135457.0 18220.0 -52068.0 -47427.0 -302877.0 233817.0 124946.0 -195476.0 -172166.0 356024.0 -323722.0 101732.0 -112622.0 -59176.0 208414.0 -150550.0 -107669.0 -156882.0 2460.0 -48787.0 -88112.0 16156.0 -87425.0 2939.0 9806.0 -125448.0 -3856.0 -175860.0 233379.0 -218661.0 -88919.0 296853.0 -183138.0 10055.0 37242.0 -406824.0 329414.0 87076.0 -164556.0 -437806.0
-50194.0 296109.0 -125567.0 -292690.0 7586.0 55418.0 67038.0 -77941.0 -48465.0 218001.0 -129354.0 -160960.0 217836.0 -404244.0 381932.0 -86047.0 -135083.0 -166184.0 66183.0 -845.0 44287.0 -60181.0 -69789.0 97726.0 4939.0 -236533.0 -128603.0 115110.0 37509.0 37743.0 -234156.0 230098.0 -389530.0 52780.0 168626.0 -49538.0 -169156.0 92409.0 106410.0 -255581.0 -9140.0 -68317.0 155500.0 -143818.0 -40670.0 69996.0 -41470.0 -100162.0 -365467.0
169811.0 38580.0 -129859.0 -323109.0 66602.0 20069.0 33017.0 104346.0 -162882.0 78462.0 102790.0 -323433.0 -87154.0 -78362.0 275681.0 -401172.0 416409.0 -117936.0 -63031.0 114278.0 -107385.0 30414.0 -45810.0 55572.0 193106.0 -428397.0 101376.0 53513.0 -52268.0 16807.0 -175161.0 145016.0 -246545.0 155748.0 -128829.0 80642.0 -32364.0 21285.0 45889.0 -159537.0 11440.0 -187631.0 33500.0 -95773.0 284665.0 -227517.0 159668.0 -305183.0 -51639.0
124541.0 -28670.0 -93049.0 -136985.0 -144831.0 286001.0 -40149.0 -37210.0 -27022.0 -116090.0 157880.0 -272265.0 -237470.0 234506.0 -178953.0 6627.0 241788.0 -46972.0 -158663.0 88098.0 -91350.0 3578.0 -17013.0 103653.0 175069.0 -353518.0 -143715.0 178122.0 -239857.0 213845.0 -32217.0 -192557.0 62626.0 -112708.0 -87116.0 -40650.0 108977.0 -348552.0 228579.0 -17160.0 157056.0 -233070.0 -82663.0 -161607.0 71557.0 34608.0 198506.0 -297109.0 72165.0
-101141.0 152776.0 106081.0 4047.0 -328163.0 364098.0 -143005.0 -241524.0 189904.0 -183371.0 5419.0 -61728.0 100108.0 -44651.0 -111636.0 217150.0 -127491.0 -170449.0 -105133.0 -76491.0 49111.0 99256.0 -106298.0 56066.0 4969.0 -213842.0 -44087.0 112846.0 84337.0 70276.0 -109732.0 -117875.0 113199.0 -309553.0 76498.0 -51776.0 128236.0 -336313.0 295730.0 -46788.0 19842.0 -56542.0 -241983.0 -33765.0 236149.0 -279812.0 204359.0 -59578.0 -152491.0
-3896.0 144243.0 -57697.0 48345.0 -419718.0 383874.0 -88314.0 -268037.0 249712.0 -138486.0 -238790.0 75663.0 -6317.0 39396.0 289885.0 -351831.0 78226.0 -307521.0 340572.0 -151825.0 -6624.0 -93540.0 116612.0 -66063.0 -122630.0 -62670.0 -154786.0 72439.0 -24815.0 188820.0 -205674.0 90673.0 -129864.0 -103890.0 55489.0 -247821.0 350335.0 21286.0 -33285.0 -165655.0 -85070.0 35590.0 -254614.0 183734.0 76730.0 -350157.0 320565.0 -81257.0 -319089.0
81681.0 -120639.0 28001.0 110667.0 -320734.0 378714.0 -238715.0 -152124.0 298746.0 -67026.0 -124050.0 -50009.0 -170219.0 215569.0 -42775.0 -318178.0 276552.0 -126608.0 359092.0 -62965.0 -54558.0 -190622.0 269698.0 -214278.0 -187932.0 185470.0 -504107.0 193318.0 -189130.0 285776.0 -231984.0 128583.0 -167569.0 112380.0 -121568.0 -116197.0 193484.0 48940.0 -28346.0 -308678.0 133656.0 -125536.0 -74803.0 -38991.0 22465.0 -109564.0 87844.0 78730.0 -258164.0
97356.0 -112901.0 41473.0 -50841.0 -15515.0 233796.0 -160614.0 -127704.0 -59798.0 137374.0 -49356.0 -209948.0 -105981.0 35192.0 -47521.0 25871.0 -150358.0 194144.0 30324.0 46228.0 69369.0 -99420.0 -195701.0 165880.0 -180186.0 228441.0 -230704.0 -105731.0 -149830.0 304625.0 -130139.0 -124090.0 -61219.0 175204.0 -139140.0 50072.0 32852.0 -282742.0 72300.0 104526.0 -77454.0 -46318.0 194653.0 -388715.0 130915.0 -28831.0 -45253.0 90940.0 -34444.0
-63779.0 133601.0 -2280.0 -78412.0 -36107.0 76809.0 129607.0 -160817.0 -171972.0 79508.0 2289.0 -113656.0 -134003.0 -54022.0 140323.0 -72033.0 -302354.0 216616.0 -108426.0 -101760.0 330659.0 -145545.0 -319742.0 257481.0 61775.0 85189.0 -132123.0 -94462.0 -108918.0 178548.0 -36713.0 -210238.0 -291103.0 271729.0 37330.0 -191742.0 156337.0 -168211.0 111520.0 223429.0 -297372.0 -70114.0 208768.0 -399267.0 139823.0 -66225.0 -7471.0 -89330.0 84945.0
-9295.0 106640.0 102415.0 -148886.0 -55273.0 -44612.0 186290.0 -416212.0 134694.0 -200296.0 118164.0 17883.0 52700.0 -176689.0 12024.0 -111331.0 -98070.0 27640.0 15600.0 -68794.0 -5174.0 14499.0 -157205.0 132959.0 51226.0 93260.0 -170452.0 -92210.0 99918.0 -19287.0 -214107.0 166322.0 -411637.0 385948.0 -64033.0 -362750.0 356827.0 111244.0 38380.0 -78569.0 -54349.0 -323654.0 -20342.0 89035.0 -118752.0 -112209.0 1037.0 -240632.0 39138.0
117158.0 -68728.0 101377.0 -111993.0 -132155.0 -64742.0 155660.0 -461672.0 43362.0 980.0 236507.0 -35960.0 -57989.0 -324611.0 96350.0 26963.0 -89356.0 126244.0 52250.0 79638.0 -232980.0 18531.0 67629.0 -157213.0 165331.0 15235.0 -78462.0 -52200.0 72846.0 -171153.0 -2842.0 -80771.0 -49648.0 9192.0 95121.0 -91281.0 -8125.0 250293.0 -146450.0 39082.0 -181176.0 -174141.0 -89016.0 292574.0 -295143.0 -13722.0 -217268.0 -84794.0 -31369.0
230977.0 -263440.0 31662.0 102877.0 -311122.0 141522.0 55891.0 -377059.0 129483.0 -8501.0 200015.0 -1228.0 -216690.0 -167682.0 55504.0 68558.0 -67998.0 105374.0 53669.0 -196863.0 89626.0 30594.0 -76882.0 -91828.0 121366.0 48033.0 -36844.0 15166.0 -169609.0 3262.0 25300.0 -223218.0 -38429.0 -93373.0 17087.0 218946.0 -263819.0 212164.0 55861.0 -43520.0 -184240.0 -131111.0 -80569.0 184194.0 -125314.0 -74976.0 -283555.0 184473.0 -57317.0
160549.0 -113997.0 -19386.0 -33030.0 100026.0 -139603.0 -151950.0 -122422.0 12919.0 -93141.0 147387.0 -4474.0 -105338.0 -156129.0 -20496.0 -1730.0 56364.0 -5661.0 87734.0 -213139.0 -19490.0 239580.0 -274582.0 122956.0 -234251.0 137273.0 -78872.0 -135598.0 -40253.0 200175.0 -256014.0 214088.0 -368209.0 119363.0 -6717.0 149491.0 -267111.0 -43828.0 319261.0 -211501.0 -167471.0 -227895.0 157237.0 -48638.0 53210.0 -33080.0 -143171.0 54346.0 -61121.0
49681.0 31876.0 -21618.0 -59481.0 52413.0 -199632.0 -100903.0 232543.0 -258645.0 -29237.0 223308.0 -81455.0 -70384.0 -257662.0 128094.0 -134143.0 176063.0 -73443.0 -34604.0 -14893.0 -59835.0 164130.0 -277920.0 48607.0 -118077.0 -17205.0 -128853.0 -161363.0 145811.0 344562.0 -469141.0 253120.0 -228529.0 53375.0 -24925.0 216360.0 -280015.0 -218832.0 216277.0 -50355.0 -31656.0 11903.0 -49053.0 -83432.0 -37430.0 9922.0 -94830.0 229308.0 -431063.0
-16061.0 -19959.0 42432.0 -188682.0 388100.0 -273346.0 162135.0 252501.0 -211444.0 -242678.0 92791.0 -252548.0 278387.0 -113089.0 -76071.0 85225.0 10483.0 -59241.0 -246756.0 17401.0 53458.0 163621.0 -376326.0 -122030.0 101967.0 -136220.0 -9562.0 -103567.0 51549.0 82006.0 -208326.0 129731.0 -59496.0 -100573.0 14231.0 78336.0 -248277.0 -3871.0 204411.0 28546.0 -142449.0 61076.0 103974.0 -241217.0 170053.0 -216738.0 -74639.0 38310.0 -178485.0
142078.0 -106535.0 -178141.0 121072.0 -38923.0 14125.0 179641.0 86692.0 -114755.0 -281583.0 -4434.0 -130170.0 199052.0 -43445.0 -169683.0 321347.0 -80163.0 -15577.0 -249477.0 -7865.0 -67499.0 198136.0 -281219.0 10768.0 -192963.0 93843.0 -21384.0 -29455.0 -5443.0 -258010.0 -23764.0 130173.0 58626.0 -245847.0 107011.0 -93712.0 11720.0 -94255.0 171304.0 38986.0 -7337.0 -60947.0 154436.0 -275028.0 202932.0 -219404.0 -8830.0 -79839.0 46562.0
201207.0 -84364.0 -384464.0 438987.0 -525694.0 295059.0 75836.0 -181589.0 244971.0 -270003.0 -53695.0 -146195.0 233396.0 -207727.0 -83174.0 260920.0 74249.0 -202196.0 -21006.0 -106603.0 -39880.0 -82999.0 59954.0 48730.0 -81904.0 174164.0 -276290.0 217930.0 -243981.0 -47344.0 -110945.0 49602.0 248632.0 -311741.0 -163737.0 168.0 35248.0 -86470.0 -36651.0 137719.0 105503.0 -149291.0 -62020.0 -60811.0 112609.0 27815.0 176430.0 -275392.0 12980.0
97862.0 -80442.0 -242357.0 360173.0 -208221.0 27333.0 14154.0 -257125.0 358385.0 -31403.0 -4158.0 -185577.0 300443.0 -278468.0 135436.0 -83994.0 59322.0 -84854.0 -198944.0 47837.0 124798.0 -383504.0 111637.0 -43945.0 295269.0 -141921.0 73432.0 -186925.0 -16268.0 75380.0 54227.0 81284.0 -49196.0 -136765.0 -135443.0 -155481.0 65928.0 26245.0 -217314.0 -41347.0 151381.0 -45406.0 -198745.0 -20496.0 162713.0 76801.0 112250.0 -406680.0 65658.0
109662.0 66451.0 -529193.0 461453.0 -105224.0 120483.0 -105394.0 -263485.0 75898.0 26794.0 271378.0 -241233.0 78304.0 -312038.0 504215.0 -236405.0 -78966.0 113257.0 -307559.0 141314.0 88642.0 -199526.0 28207.0 -74962.0 62035.0 -167492.0 277258.0 -211824.0 34363.0 78296.0 -72207.0 477463.0 -440230.0 -46126.0 67977.0 -144744.0 41808.0 -1666.0 46835.0 -146234.0 253422.0 -295419.0 -263048.0 198817.0 -126277.0 33314.0 234547.0 -319340.0 -44392.0
160828.0 -94920.0 -321876.0 341158.0 -42690.0 -82425.0 127569.0 -186777.0 -203423.0 -141591.0 380047.0 -132206.0 -95735.0 -296146.0 508137.0 -332383.0 -184336.0 373036.0 -220929.0 33730.0 -124726.0 68713.0 -62877.0 -170328.0 -94790.0 121233.0 -38052.0 231037.0 -346635.0 298882.0 -243298.0 158587.0 -238673.0 -172753.0 196037.0 -18823.0 -50110.0 -36442.0 223011.0 -106854.0 44717.0 -414426.0 4064.0 172597.0 -223825.0 138749.0 -6586.0 -123567.0 -67191.0
151564.0 5447.0 -159606.0 -15476.0 45465.0 -329411.0 242830.0 40718.0 -185981.0 4551.0 -221069.0 122610.0 -154076.0 -188381.0 385534.0 -473377.0 -33732.0 134841.0 -29957.0 98739.0 -69567.0 61851.0 -328081.0 161551.0 -165623.0 160734.0 27881.0 196877.0 -250873.0 20076.0 11861.0 -193206.0 139458.0 -234558.0 146845.0 -160746.0 -143298.0 131167.0 -31889.0 16092.0 -217262.0 -181225.0 351047.0 -132116.0 -108240.0 21819.0 -206132.0 100693.0 -186400.0
110267.0 11303.0 -210381.0 222824.0 -216227.0 -165416.0 -116904.0 408878.0 -28295.0 -79072.0 -521530.0 340127.0 -142192.0 -156044.0 -13287.0 -168145.0 278776.0 -142339.0 -69349.0 234023.0 61236.0 -324982.0 166857.0 44272.0 -326083.0 40345.0 138856.0 -13159.0 17768.0 -335433.0 246826.0 -57881.0 125457.0 13910.0 116165.0 -446367.0 52369.0 203064.0 -199386.0 -112710.0 176112.0 -386814.0 498017.0 -171053.0 -121320.0 26122.0 -111860.0 -101372.0 -206622.0
236237.0 -282385.0 -77070.0 168994.0 -156247.0 180505.0 -262858.0 206190.0 6986.0 -161710.0 -224702.0 210090.0 66464.0 -331841.0 51370.0 -21313.0 38071.0 -110704.0 93934.0 116495.0 -183226.0 -222947.0 375783.0 -324315.0 106247.0 -26875.0 20788.0 -208895.0 10302.0 -177007.0 252287.0 -148703.0 81364.0 57085.0 568.0 -266347.0 256965.0 -104777.0 -181603.0 -92725.0 506471.0 -556989.0 504047.0 -311023.0 -154572.0 32542.0 -48343.0 -82803.0 -190704.0
121692.0 -26761.0 -40759.0 -217346.0 20156.0 64846.0 72189.0 -129982.0 40861.0 -117704.0 17420.0 -67028.0 7594.0 -111316.0 153697.0 54036.0 -189641.0 -25992.0 -24702.0 -19298.0 -253427.0 172876.0 96979.0 -169642.0 145922.0 -65494.0 -64703.0 6904.0 -140479.0 -57233.0 32482.0 -56683.0 77295.0 -173908.0 -149425.0 67833.0 173074.0 -182181.0 -271998.0 73196.0 440621.0 -478299.0 241079.0 -422931.0 121222.0 240945.0 -266096.0 25756.0 -211698.0
116873.0 -3353.0 -97545.0 -99949.0 94227.0 -111087.0 -87259.0 112396.0 -93210.0 -153622.0 182213.0 -53015.0 23723.0 -177093.0 196643.0 -32668.0 -54388.0 -86688.0 -107133.0 -252488.0 -79538.0 79686.0 35542.0 55714.0 -109973.0 -39328.0 -93946.0 -13778.0 -14447.0 -14447.0 -137542.0 205331.0 13727.0 -294316.0 184865.0 -63693.0 34755.0 -45216.0 -237206.0 173459.0 376621.0 -541603.0 306105.0 -416208.0 86704.0 398037.0 -351619.0 -20148.0 -103052.0
280571.0 -339034.0 23028.0 -69654.0 221117.0 -149162.0 -214164.0 160374.0 -214167.0 -222898.0 322413.0 -227947.0 407223.0 -279064.0 -176193.0 116439.0 -53475.0 -19852.0 147176.0 -450161.0 19517.0 12302.0 38286.0 95505.0 -202248.0 91685.0 59187.0 -419468.0 227645.0 -325564.0 88113.0 271487.0 -119.0 -3541.0 312189.0 -441555.0 250018.0 -112151.0 -35039.0 -191042.0 413284.0 -537402.0 416171.0 -298720.0 -57441.0 68999.0 15509.0 -56212.0 -173152.0
182574.0 -125509.0 -34259.0 -117178.0 -35479.0 33390.0 33013.0 -60143.0 -29664.0 -267835.0 133152.0 -151775.0 157058.0 206032.0 -407233.0 389577.0 -425099.0 146997.0 42519.0 3472.0 -116812.0 126584.0 -36468.0 -74478.0 -157147.0 220171.0 -8933.0 -409424.0 54939.0 -142194.0 198769.0 -47020.0 2038.0 124030.0 11810.0 -179811.0 -5183.0 -21434.0 -160083.0 -131988.0 235424.0 -279013.0 156178.0 -111889.0 -84231.0 622.0 220860.0 -296876.0 -93494.0
88478.0 51515.0 -255501.0 122397.0 -130484.0 133048.0 -86846.0 44588.0 -115393.0 -75198.0 46542.0 -5501.0 131862.0 -96615.0 -226580.0 207305.0 -325694.0 -97416.0 88664.0 95661.0 -144361.0 56321.0 -107395.0 31133.0 -129941.0 1163.0 10291.0 -37001.0 141428.0 -150056.0 225958.0 -224289.0 -190990.0 69718.0 -114439.0 263521.0 -391077.0 255283.0 -252574.0 84673.0 88318.0 -95828.0 -81452.0 -7511.0 -168658.0 108692.0 238776.0 -253911.0 -94803.0
105689.0 -52665.0 -178950.0 103874.0 199122.0 -202498.0 -107511.0 105827.0 -34134.0 -158724.0 85138.0 -154859.0 498084.0 -632968.0 -30777.0 1233.0 -2335.0 -181276.0 166492.0 -73185.0 -22860.0 -323238.0 -69264.0 230334.0 -88488.0 -93645.0 48211.0 140509.0 -104990.0 48427.0 44717.0 -143336.0 -40101.0 86812.0 -162738.0 146331.0 -87594.0 132732.0 -38568.0 -291093.0 266245.0 -203132.0 -116134.0 49457.0 217182.0 -93703.0 8391.0 -25431.0 -139911.0
3627.0 520.0 101224.0 -112692.0 75152.0 -83468.0 -115293.0 127711.0 -74616.0 32958.0 -35925.0 -337466.0 340674.0 -163840.0 -44619.0 -96517.0 -5776.0 -58166.0 -56358.0 -19520.0 26194.0 -306125.0 -12583.0 212583.0 -76679.0 -91659.0 -55403.0 78033.0 -83696.0 19763.0 -128008.0 -52251.0 100442.0 -53823.0 -130075.0 83557.0 -195207.0 226694.0 -58767.0 -335197.0 63680.0 113333.0 -308298.0 74955.0 200285.0 -56978.0 -189886.0 -320685.0 178344.0
82499.0 -6831.0 149687.0 -221626.0 -257037.0 168755.0 -81862.0 231142.0 -332307.0 92309.0 138069.0 -249476.0 86008.0 -140752.0 54212.0 -184347.0 -27123.0 -120634.0 -56483.0 136845.0 -212721.0 95259.0 -111640.0 54335.0 246731.0 -254504.0 239.0 9277.0 130805.0 -570108.0 151366.0 -137244.0 205044.0 -155779.0 -218380.0 116866.0 -354098.0 445333.0 -115738.0 -149432.0 -270890.0 106948.0 -165248.0 128777.0 43466.0 31818.0 -285437.0 -102204.0 11894.0
193402.0 -270474.0 252758.0 -177814.0 -140527.0 -93458.0 194483.0 -70191.0 -90798.0 -63633.0 24340.0 -142096.0 259719.0 -392801.0 143994.0 -206671.0 -141966.0 -19193.0 56092.0 21965.0 -83570.0 150941.0 -231865.0 201394.0 -20076.0 -58659.0 -36323.0 -84634.0 -9254.0 -186217.0 -101929.0 32358.0 96450.0 -233156.0 -188798.0 123359.0 -266080.0 360233.0 -136578.0 -143272.0 48946.0 -79202.0 -260306.0 121904.0 273109.0 -777.0 -193846.0 -63900.0 -1094.0
250852.0 -393709.0 93388.0 14609.0 178605.0 -318265.0 320954.0 -426669.0 -46329.0 152974.0 -111072.0 183212.0 -26406.0 -161501.0 76206.0 -155099.0 -128450.0 222228.0 -172620.0 -3713.0 157890.0 -36945.0 -363899.0 504383.0 -387811.0 115467.0 48783.0 -194528.0 -51526.0 173316.0 -273618.0 -105145.0 35041.0 -298567.0 150643.0 -209362.0 127080.0 355539.0 -502060.0 302446.0 -71738.0 53085.0 -443189.0 274500.0 162268.0 55345.0 81232.0 -332707.0 -6229.0
240285.0 -214733.0 -127114.0 46894.0 142426.0 -340899.0 434692.0 -607267.0 90291.0 89179.0 180.0 325013.0 -325329.0 90783.0 -137502.0 160340.0 -289522.0 122492.0 -121789.0 -291715.0 408694.0 -194500.0 -135597.0 233047.0 54902.0 -212625.0 183163.0 -386457.0 29811.0 293827.0 -179074.0 -221080.0 15095.0 -280264.0 220373.0 -98820.0 75633.0 308263.0 -589475.0 276846.0 164151.0 -227209.0 -52307.0 63006.0 -207457.0 85558.0 165626.0 -117025.0 -131073.0
93879.0 -58305.0 153490.0 -355250.0 35042.0 -183308.0 504104.0 -383927.0 -20660.0 -39780.0 221725.0 109172.0 -352638.0 49080.0 -101895.0 45538.0 -232990.0 101298.0 11476.0 -378003.0 372897.0 -200984.0 7129.0 24845.0 43195.0 -125352.0 152822.0 -268015.0 -94284.0 97169.0 2072.0 -210648.0 -65885.0 -108524.0 138367.0 73643.0 -310605.0 426956.0 -219779.0 -127198.0 127865.0 -109942.0 56860.0 -347043.0 -29330.0 -6792.0 52177.0 132409.0 -86646.0
6783.0 -13048.0 153932.0 -262553.0 29882.0 -20420.0 210615.0 -73721.0 -109415.0 8114.0 158386.0 -7319.0 -175830.0 -9674.0 17031.0 -79718.0 -13011.0 80749.0 -11428.0 -104233.0 78053.0 -73692.0 -23992.0 33802.0 -82914.0 48331.0 44690.0 -55101.0 -107973.0 -67995.0 69407.0 -116083.0 -18476.0 8409.0 59598.0 3074.0 -159436.0 249947.0 -17986.0 -106807.0 -86496.0 87117.0 -19463.0 -189352.0 92334.0 -35589.0 -7446.0 74564.0 -35042.0
